Captured X values: [774, 772, 775, 776, 773, 771, 771, 768, 764, 764, 759, 753, 752, 747, 740, 740, 734, 729, 727, 722, 719, 719, 714, 715, 712, 714, 713, 714, 713, 713, 714, 712, 713, 713, 714, 713, 713, 715, 710, 709, 714, 714, 711, 713, 710, 715, 714, 716, 716, 720, 721, 727, 726, 731, 734, 742, 743, 747, 751, 752, 757, 763, 767, 768, 774, 775, 772, 773, 777, 775, 772, 771, 768, 773, 769, 766, 762, 760, 755, 750, 747, 743, 738, 733, 731, 722, 723, 722, 722, 715, 711, 711, 712, 714, 714, 713, 711, 712, 712, 712, 712, 709, 714, 712, 712, 713, 710, 711, 714, 709, 714, 713, 715, 714, 718, 717, 719, 722, 724, 728, 729, 736, 741, 744, 751, 752, 757, 763, 765, 772, 772, 772, 774, 776, 776, 777, 775, 771, 774, 773, 772, 768, 767, 760, 758, 755, 749, 743]


Detected breathing valleys at times: ['0.98s', '4.62s', '8.21s', '11.71s']
No stable breathing window detected. Proceeding without timing.
Captured X values: [716, 716, 717, 716, 716, 716, 716, 716, 716, 716, 715, 717, 717, 716, 718, 715, 717, 717, 716, 716, 715, 717, 720, 723, 725, 727, 731, 733, 737, 743, 744, 751, 753, 758, 762, 766, 771, 772, 776, 780, 779, 777, 641, 778, 449, 778, 776, 776, 776, 771, 769, 762, 760, 756, 751, 749, 741, 740, 735, 731, 726, 726, 720, 716, 716, 716, 716, 715, 716, 718, 715, 715, 718, 716, 717, 716, 715, 716, 715, 716, 717, 716, 716, 715, 717, 717, 718, 723, 724, 727, 732, 736, 738, 743, 746, 750, 755, 760, 764, 768, 771, 776, 778, 778, 779, 778, 778, 778, 640, 453, 439, 772, 634, 769, 633, 759, 458, 730, 747, 744, 740, 734, 729, 727, 728, 724, 717, 716, 717, 716, 716, 716, 716, 716, 717, 716, 716, 716, 714, 715, 717, 716, 715]

Detected breathing valleys at times: ['2.09s', '4.09s', '5.77s', '6.71s', '8.70s', '9.76s', '12.84s', '13.87s']
No stable breathing window detected. Proceeding without timing.
Captured X values: [748, 743, 735, 742, 727, 836, 741, 643, 749, 740, 832, 646, 653, 743, 745, 751, 753, 666, 657, 683, 659, 672, 768, 675, 768, 781, 728, 735, 683, 711, 747, 762, 724, 724, 713, 758, 756, 802, 694, 700, 707, 693, 801, 704, 779, 693, 791, 771, 781, 769, 760, 679, 764, 734, 679, 764, 753, 644, 648, 747, 740, 649, 734, 740, 736, 737, 734, 656, 648, 749, 740, 641, 747, 695, 745, 738, 743, 733, 735, 748, 746, 742, 738, 744, 743, 746, 757, 647, 751, 651, 750, 696, 688, 752, 714, 773, 690, 702, 791, 691, 698, 696, 804, 701, 706, 721, 700, 818, 716, 789, 718, 797, 699, 808, 799, 696, 799, 771, 789, 780, 853, 767, 664, 757, 757, 662, 756, 741, 738, 745, 653, 743, 732, 741, 741, 746, 741, 744, 740, 645, 758, 635, 647, 742, 743, 741, 743, 639, 685, 753, 729, 637, 741, 637]
